0	-17.199701	0.077798	550.000000
1	-20.872681	0.072522	600.000000
2	-21.551266	0.066727	650.000000
3	-20.607386	0.076925	300.000000
4	-22.006197	0.064789	500.000000
5	-23.500198	0.052397	550.000000
6	-23.923847	0.053522	600.000000
7	-24.814095	0.049062	400.000000
8	-23.442270	0.056535	500.000000
9	-26.790211	0.036691	500.000000
10	-24.660185	0.049939	250.000000
11	-24.493120	0.050680	400.000000
12	-25.846977	0.038256	650.000000
13	-23.248707	0.052017	650.000000
14	-24.537785	0.048772	350.000000
15	-24.806087	0.048331	700.000000
16	-23.604393	0.055067	550.000000
17	-24.133526	0.052968	250.000000
18	-23.622574	0.046387	700.000000
19	-26.796192	0.038927	400.000000
20	-24.239513	0.047824	700.000000
21	-24.716892	0.046169	650.000000
22	-24.412264	0.046344	800.000000
23	-24.772352	0.045561	800.000000
24	-26.485321	0.036859	600.000000
25	-28.253311	0.029572	1100.000000
26	-29.639809	0.025981	950.000000
27	-25.742615	0.043959	400.000000
28	-30.464649	0.023399	850.000000
29	-26.767200	0.039303	700.000000
30	-26.384359	0.037290	450.000000
31	-27.191175	0.033298	800.000000
32	-29.143246	0.026665	650.000000
33	-27.647478	0.032782	600.000000
34	-27.596184	0.034094	600.000000
35	-28.122734	0.032330	550.000000
36	-27.672186	0.035164	450.000000
37	-28.542219	0.029023	900.000000
38	-27.970060	0.030007	1100.000000
39	-24.777218	0.049043	700.000000
40	-25.011463	0.043941	800.000000
41	-24.539059	0.045621	550.000000
42	-22.321323	0.060835	650.000000
43	-21.789640	0.065726	650.000000
44	-26.181877	0.036902	750.000000
45	-26.144945	0.040594	550.000000
46	-24.007120	0.051817	600.000000
47	-24.863289	0.044644	600.000000
48	-26.291826	0.040031	500.000000
49	-22.847891	0.057652	550.000000
50	-23.021210	0.060575	400.000000
51	-27.826427	0.031653	600.000000
52	-26.718145	0.039367	350.000000
53	-24.256985	0.050391	450.000000
54	-23.236187	0.057931	350.000000
55	-24.811806	0.048082	550.000000
56	-26.569864	0.036952	400.000000
57	-28.668095	0.030419	450.000000
58	-33.295601	0.017936	550.000000
59	-29.264685	0.029814	400.000000
60	-26.727564	0.038709	400.000000
61	-29.099087	0.026501	450.000000
62	-27.961000	0.033749	350.000000
63	-27.778635	0.033512	500.000000
64	-27.859844	0.030460	500.000000
65	-27.706924	0.032046	400.000000
66	-25.182524	0.036189	600.000000
67	-9.777875	0.254366	1150.000000
68	-10.574437	0.225527	1250.000000
69	-11.549559	0.194265	1100.000000
70	-11.968392	0.184247	1200.000000
71	-11.475320	0.194363	600.000000
72	-11.766960	0.179694	750.000000
73	-11.711649	0.184131	800.000000
74	-11.844344	0.183264	900.000000
75	-13.722849	0.145540	300.000000
76	-14.177403	0.156020	400.000000
77	-14.328043	0.157422	200.000000
78	-14.637001	0.153167	200.000000
79	-14.410404	0.154106	350.000000
80	-14.017555	0.163494	200.000000
81	-15.201284	0.140594	250.000000
82	-13.715028	0.126930	900.000000
83	-13.357050	0.156092	700.000000
84	-11.942519	0.183351	800.000000
85	-12.200614	0.181268	1200.000000
86	-12.354506	0.177919	1000.000000
87	-12.723530	0.168773	800.000000
88	-17.119556	0.111714	500.000000
89	-15.977876	0.125480	250.000000
90	-14.573483	0.158788	250.000000
91	-15.158373	0.148475	300.000000
92	-14.752108	0.148906	250.000000
93	-13.833405	0.174018	250.000000
94	-14.173994	0.158119	200.000000
95	-12.131015	0.199925	300.000000
96	-11.777008	0.184731	550.000000
97	-11.983366	0.185818	400.000000
98	-11.846071	0.191620	450.000000
99	-11.498937	0.203608	450.000000
100	-12.260727	0.193254	300.000000
101	-11.859692	0.207755	300.000000
102	-11.735250	0.217916	200.000000
103	-12.400969	0.204151	200.000000
104	-13.204127	0.186385	200.000000
105	-13.081538	0.191649	250.000000
106	-13.079062	0.190578	200.000000
107	-12.957644	0.197884	200.000000
108	-12.389376	0.208031	200.000000
109	-13.036489	0.187496	200.000000
110	-13.983733	0.175016	200.000000
111	-16.213058	0.138034	200.000000
112	-20.756483	0.077755	150.000000
113	-26.721422	0.036057	200.000000
114	-28.571234	0.030286	500.000000
115	-31.951475	0.019323	1100.000000
116	-30.037643	0.026915	700.000000
117	-29.874998	0.025981	750.000000
118	-27.359161	0.032679	1550.000000
119	-31.556204	0.021811	1650.000000
120	-22.320377	0.064716	500.000000
121	-11.590695	0.161683	550.000000
122	-10.636157	0.228050	450.000000
123	-11.091433	0.234417	400.000000
124	-11.250201	0.222973	400.000000
125	-11.667042	0.209377	500.000000
126	-11.898458	0.200446	400.000000
127	-11.936036	0.199310	400.000000
128	-12.129000	0.193159	400.000000
129	-12.028109	0.190205	450.000000
130	-11.699092	0.205269	300.000000
131	-11.820596	0.201919	200.000000
132	-13.476222	0.174127	200.000000
133	-12.655137	0.195742	200.000000
134	-13.125871	0.189738	250.000000
135	-13.084128	0.189627	200.000000
136	-13.635441	0.161352	250.000000
137	-11.819970	0.219442	200.000000
138	-11.433175	0.230588	250.000000
139	-11.151943	0.218091	200.000000
140	-11.239256	0.218348	350.000000
141	-10.595140	0.226717	400.000000
142	-11.886315	0.198934	550.000000
143	-10.326729	0.254286	250.000000
144	-10.642462	0.235168	500.000000
145	-11.188381	0.227928	500.000000
146	-13.109271	0.178744	450.000000
147	-13.848991	0.176147	300.000000
148	-13.974720	0.175288	350.000000
149	-13.467931	0.190042	350.000000
150	-13.916034	0.185105	400.000000
151	-14.487992	0.172496	400.000000
152	-17.088369	0.126529	400.000000
153	-22.030510	0.069460	450.000000
154	-31.138031	0.021679	400.000000
155	-32.034943	0.021284	500.000000
156	-31.691240	0.021635	450.000000
157	-32.428162	0.019099	350.000000
158	-32.403709	0.019331	650.000000
159	-28.807198	0.031250	350.000000
160	-27.753374	0.032012	350.000000
161	-27.811935	0.032828	400.000000
162	-26.463667	0.039728	400.000000
163	-24.363678	0.048053	500.000000
164	-23.711714	0.054521	450.000000
165	-24.008598	0.048721	600.000000
166	-22.364103	0.064392	400.000000
167	-27.129396	0.036276	600.000000
168	-28.067778	0.031398	400.000000
169	-33.459961	0.018415	500.000000
170	-29.801115	0.025007	450.000000
171	-28.624865	0.031184	400.000000
172	-28.246962	0.033846	400.000000
173	-26.946739	0.035805	400.000000
174	-23.610891	0.051314	500.000000
175	-22.132479	0.064954	650.000000
176	-25.384542	0.042277	750.000000
177	-24.725319	0.046307	450.000000
178	-23.239241	0.058785	450.000000
179	-24.295210	0.051349	400.000000
180	-24.779968	0.046345	300.000000
181	-28.069044	0.032457	650.000000
182	-27.076590	0.035437	550.000000
183	-27.283802	0.034258	600.000000
184	-29.154905	0.029623	600.000000
185	-28.382095	0.031200	650.000000
186	-30.131241	0.024659	500.000000
187	-31.414165	0.023440	300.000000
188	-28.767855	0.032469	250.000000
189	-28.908949	0.030145	150.000000
190	-30.793299	0.024450	200.000000
191	-30.829313	0.024507	350.000000
192	-25.746323	0.041345	300.000000
193	-25.722198	0.035710	500.000000
194	-22.887987	0.056237	400.000000
195	-21.706673	0.060411	350.000000
196	-23.445551	0.045255	700.000000
197	-21.778196	0.063747	300.000000
198	-22.749392	0.052684	400.000000
199	-22.246971	0.057573	350.000000
200	-24.967106	0.047243	350.000000
201	-28.777304	0.030939	250.000000
202	-25.171068	0.042714	350.000000
203	-24.517580	0.045816	500.000000
204	-22.681965	0.055257	350.000000
205	-21.408293	0.063631	300.000000
206	-10.645994	0.204755	800.000000
207	-10.603697	0.250373	700.000000
208	-13.010843	0.173651	550.000000
209	-16.179548	0.120738	400.000000
210	-18.718641	0.097238	200.000000
211	-21.289732	0.072474	300.000000
212	-22.260448	0.068788	200.000000
213	-26.410818	0.041080	350.000000
214	-26.476671	0.039142	650.000000
215	-28.375765	0.030485	550.000000
216	-26.626703	0.034406	800.000000
217	-21.727180	0.057315	1900.000000
218	-20.382912	0.063428	1000.000000
219	-12.202349	0.200193	700.000000
220	-7.388525	0.359689	450.000000
221	-8.704455	0.302868	750.000000
222	-9.833818	0.259343	700.000000
223	-10.542808	0.234579	900.000000
224	-10.650693	0.239172	400.000000
225	-10.383464	0.242838	500.000000
226	-10.126044	0.266781	500.000000
227	-9.452452	0.282965	500.000000
228	-9.827352	0.272230	500.000000
229	-10.396828	0.254139	400.000000
230	-10.645943	0.242399	450.000000
231	-14.825620	0.151783	500.000000
232	-16.664288	0.130992	350.000000
233	-19.593767	0.085841	800.000000
234	-20.350906	0.079604	1200.000000
235	-22.205006	0.066776	1250.000000
236	-21.226278	0.076406	400.000000
237	-25.308802	0.039602	400.000000
238	-18.964092	0.099398	0.000000
239	-19.357651	0.101446	0.000000
240	-22.028204	0.063602	200.000000
241	-25.104380	0.046050	400.000000
242	-22.091600	0.065572	600.000000
243	-12.367552	0.192655	350.000000
244	-14.295103	0.171745	250.000000
245	-9.359657	0.260462	500.000000
246	-9.495286	0.272360	300.000000
247	-9.772816	0.265696	600.000000
248	-9.484675	0.279179	500.000000
249	-9.970532	0.248170	500.000000
250	-11.079480	0.193047	500.000000
251	-12.624902	0.178025	400.000000
252	-12.369977	0.156561	500.000000
253	-11.750075	0.182052	650.000000
254	-10.892912	0.198472	900.000000
255	-10.102349	0.222855	900.000000
256	-10.748294	0.212081	700.000000
257	-11.028915	0.200647	750.000000
258	-10.520632	0.218908	850.000000
259	-11.112913	0.190260	1100.000000
260	-11.348778	0.207195	500.000000
261	-12.036190	0.189157	350.000000
262	-13.527342	0.134360	500.000000
263	-17.420492	0.115753	700.000000
264	-20.552914	0.076634	1600.000000
265	-13.531428	0.190191	200.000000
266	-14.154413	0.168378	500.000000
267	-13.419752	0.179492	200.000000
268	-10.608785	0.271476	100.000000
269	-15.528682	0.145224	350.000000
270	-7.997460	0.330833	300.000000
271	-7.969751	0.349498	250.000000
272	-8.279152	0.317856	350.000000
273	-12.221669	0.217996	200.000000
274	-13.422069	0.158484	350.000000
275	-8.743812	0.268731	500.000000
276	-8.768728	0.267910	650.000000
277	-8.868042	0.287238	600.000000
278	-8.739524	0.296419	550.000000
279	-9.323324	0.285375	600.000000
280	-9.388635	0.274950	600.000000
281	-8.876935	0.291592	600.000000
282	-8.945745	0.289820	550.000000
283	-10.014322	0.242460	600.000000
284	-19.592344	0.067501	450.000000
285	-11.845263	0.237958	50.000000
286	-12.063083	0.209849	200.000000
287	-8.712098	0.325784	200.000000
288	-8.521839	0.316122	100.000000
289	-12.135081	0.224340	300.000000
290	-9.949255	0.256415	300.000000
291	-10.940229	0.197245	450.000000
292	-11.572021	0.210403	400.000000
293	-10.096656	0.232653	500.000000
294	-10.335908	0.236049	450.000000
295	-8.722731	0.303048	650.000000
296	-10.499858	0.226658	950.000000
297	-14.665391	0.125239	450.000000
298	-24.044107	0.056295	200.000000
299	-27.196842	0.035038	250.000000
300	-31.960089	0.021059	400.000000
301	-32.663677	0.020009	400.000000
302	-30.921553	0.022868	350.000000
303	-32.073357	0.021469	300.000000
304	-30.472191	0.024911	550.000000
305	-26.046429	0.034836	400.000000
306	-19.111052	0.078148	700.000000
307	-10.512145	0.245185	300.000000
308	-9.531968	0.277317	350.000000
309	-10.933664	0.227878	300.000000
310	-11.820332	0.193382	500.000000
311	-12.838423	0.179774	200.000000
312	-13.440880	0.164207	300.000000
313	-14.347069	0.166682	200.000000
314	-14.020082	0.163855	200.000000
315	-14.013165	0.159777	200.000000
316	-14.655060	0.153294	200.000000
317	-14.466642	0.150458	400.000000
318	-15.472625	0.134868	350.000000
319	-16.141859	0.125996	350.000000
320	-16.148907	0.126941	500.000000
321	-16.323269	0.122038	400.000000
322	-17.676136	0.100376	650.000000
323	-18.212904	0.092180	900.000000
324	-17.883829	0.101019	900.000000
325	-16.301458	0.121411	700.000000
326	-15.996765	0.125709	600.000000
327	-15.531707	0.129663	650.000000
328	-15.811059	0.131154	450.000000
329	-15.745874	0.125597	450.000000
330	-15.408773	0.135804	450.000000
331	-16.102585	0.127768	550.000000
332	-16.765614	0.119025	300.000000
333	-14.722706	0.147152	450.000000
334	-14.219718	0.157765	350.000000
335	-18.752741	0.090563	350.000000
336	-20.630976	0.083728	150.000000
337	-22.271454	0.065276	150.000000
338	-19.442600	0.092172	250.000000
339	-16.455845	0.116767	350.000000
340	-11.354553	0.207673	450.000000
341	-8.851450	0.296701	750.000000
342	-9.457220	0.282598	750.000000
343	-10.633237	0.236956	1050.000000
344	-9.595663	0.277627	750.000000
345	-9.791414	0.265943	700.000000
346	-9.896160	0.269333	950.000000
347	-10.316847	0.246594	900.000000
348	-11.293706	0.214284	850.000000
349	-11.493861	0.216628	550.000000
350	-10.784662	0.230439	700.000000
351	-12.444990	0.186299	700.000000
352	-13.337375	0.166843	750.000000
353	-14.026497	0.152203	400.000000
354	-16.018801	0.131068	50.000000
355	-20.589220	0.080865	250.000000
356	-20.375439	0.082287	400.000000
357	-15.086458	0.135196	250.000000
358	-17.464418	0.115624	150.000000
359	-18.024164	0.110188	200.000000
360	-19.944481	0.086415	400.000000
361	-21.861713	0.074225	150.000000
362	-21.719032	0.072505	250.000000
363	-19.445986	0.090765	250.000000
364	-16.999323	0.105445	250.000000
365	-24.697384	0.042622	400.000000
366	-22.613237	0.060304	300.000000
367	-26.155005	0.040646	300.000000
368	-27.223135	0.038332	200.000000
369	-31.990683	0.021239	550.000000
370	-31.635900	0.022877	200.000000
371	-33.326630	0.018181	350.000000
372	-29.961157	0.025425	450.000000
373	-32.254978	0.018755	450.000000
374	-30.489580	0.022868	650.000000
375	-30.261774	0.025762	450.000000
376	-30.757339	0.023450	600.000000
377	-29.596273	0.026069	1050.000000
378	-26.648560	0.039490	500.000000
379	-26.015558	0.043181	500.000000
380	-26.150509	0.042098	550.000000
381	-26.439747	0.040958	550.000000
382	-25.354460	0.044949	700.000000
383	-27.305519	0.035041	700.000000
384	-27.586174	0.035419	850.000000
385	-25.316504	0.044039	800.000000
386	-23.846539	0.054201	700.000000
387	-25.274817	0.041853	600.000000
388	-25.341146	0.044108	800.000000
389	-25.568302	0.041795	800.000000
390	-23.334816	0.053831	550.000000
391	-23.119061	0.058008	550.000000
392	-21.762182	0.065208	700.000000
393	-22.641357	0.064037	500.000000
394	-23.564625	0.057844	350.000000
395	-23.199354	0.054119	700.000000
396	-24.445763	0.048582	500.000000
397	-24.493328	0.048658	700.000000
398	-25.172598	0.046592	500.000000
399	-24.296612	0.047712	550.000000
400	-25.630098	0.042083	650.000000
401	-26.423761	0.040294	500.000000
402	-27.239363	0.037033	750.000000
403	-25.779839	0.041044	400.000000
404	-25.964762	0.041790	600.000000
405	-27.038738	0.035863	500.000000
406	-24.442587	0.051061	350.000000
407	-26.371862	0.036781	750.000000
408	-25.827335	0.041696	400.000000
409	-26.028522	0.042718	500.000000
410	-26.043972	0.036994	600.000000
411	-25.263437	0.043414	900.000000
412	-25.755131	0.042363	650.000000
413	-25.447805	0.042764	500.000000
414	-26.982817	0.036535	700.000000
415	-26.103323	0.042261	500.000000
416	-24.548790	0.048312	750.000000
417	-24.103567	0.050938	550.000000
418	-22.415693	0.062662	350.000000
419	-23.851681	0.052139	550.000000
420	-21.654510	0.065457	450.000000
421	-22.837255	0.059330	550.000000
422	-22.783169	0.061164	500.000000
423	-23.189581	0.059945	450.000000
424	-26.703497	0.038171	650.000000
425	-27.806299	0.034103	650.000000
426	-27.452557	0.033546	650.000000
427	-28.604843	0.031628	700.000000
428	-30.708466	0.023818	800.000000
429	-27.386347	0.035905	550.000000
430	-24.605234	0.051434	550.000000
431	-28.766874	0.029904	750.000000
432	-28.030287	0.030804	600.000000
433	-26.287939	0.039313	450.000000
434	-28.576511	0.032075	600.000000
435	-27.641050	0.032755	400.000000
436	-28.831524	0.030515	400.000000
437	-26.567495	0.038348	350.000000
438	-28.486980	0.031328	300.000000
439	-25.219524	0.043819	300.000000
440	-27.115240	0.037929	250.000000
441	-25.055796	0.046057	300.000000
442	-26.423706	0.035592	300.000000
443	-24.955650	0.045502	300.000000
444	-28.209614	0.030501	350.000000
445	-26.785040	0.037418	350.000000
446	-30.160267	0.024739	450.000000
447	-29.505903	0.027949	400.000000
448	-29.293140	0.029551	300.000000
449	-34.296635	0.015818	550.000000
450	-28.510368	0.033323	350.000000
451	-29.631990	0.027331	350.000000
452	-29.697832	0.027254	300.000000
453	-28.007555	0.032324	200.000000
454	-27.954115	0.034266	200.000000
455	-30.632135	0.025851	300.000000
456	-25.850052	0.041409	200.000000
457	-28.274429	0.029341	400.000000
458	-30.430910	0.024839	550.000000
459	-29.800495	0.026567	650.000000
460	-29.578510	0.025758	1000.000000
461	-26.056086	0.040157	500.000000
462	-23.922619	0.054074	450.000000
463	-25.611923	0.041764	550.000000
464	-26.675888	0.039618	550.000000
465	-26.722328	0.036879	700.000000
466	-21.670792	0.064050	400.000000
467	-10.772575	0.217673	850.000000
468	-9.575243	0.268732	450.000000
469	-10.249249	0.247617	450.000000
470	-10.578856	0.240637	450.000000
471	-10.675827	0.241154	400.000000
472	-12.205802	0.204938	450.000000
473	-15.590060	0.139194	350.000000
474	-19.856169	0.081382	1050.000000
475	-23.437878	0.052100	2150.000000
476	-23.355894	0.053339	3500.000000
477	-23.221115	0.054466	3850.000000
478	-25.294825	0.043869	3250.000000
479	-26.568417	0.036912	2750.000000
480	-27.195736	0.036930	800.000000
481	-28.841173	0.030567	500.000000
482	-31.325619	0.022073	400.000000
483	-31.746458	0.021673	450.000000
484	-33.386776	0.016877	650.000000
485	-30.092438	0.026700	300.000000
486	-28.351704	0.032681	350.000000
487	-26.845186	0.039637	250.000000
488	-23.902073	0.054294	200.000000
489	-17.040236	0.089342	800.000000
490	-9.692028	0.260717	750.000000
491	-11.667747	0.204090	700.000000
492	-11.537769	0.193719	1000.000000
493	-11.731949	0.192998	750.000000
494	-10.886921	0.215643	1050.000000
495	-12.184142	0.175206	1150.000000
496	-12.887534	0.164521	950.000000
497	-13.540959	0.144762	700.000000
498	-15.692904	0.116073	450.000000
499	-17.605350	0.110495	300.000000
500	-17.381315	0.113135	250.000000
501	-15.746463	0.142599	200.000000
502	-16.445322	0.133827	250.000000
503	-17.432165	0.115174	300.000000
504	-16.347939	0.127441	450.000000
505	-18.524250	0.103679	200.000000
506	-16.190357	0.112260	500.000000
507	-14.258926	0.136143	650.000000
508	-13.274244	0.163232	600.000000
509	-11.925797	0.187962	500.000000
510	-14.123306	0.144687	650.000000
511	-11.691162	0.197373	400.000000
512	-14.160409	0.135911	850.000000
513	-13.149441	0.160986	700.000000
514	-16.509472	0.112929	700.000000
515	-19.810656	0.080276	1900.000000
516	-25.855295	0.039254	2850.000000
517	-24.515858	0.048298	4050.000000
518	-22.016336	0.061728	2900.000000
519	-24.086588	0.048845	3600.000000
520	-24.086662	0.050904	3850.000000
521	-23.648752	0.050950	3600.000000
522	-24.789400	0.046559	2950.000000
523	-23.634035	0.055538	3000.000000
524	-25.458210	0.043542	1450.000000
525	-25.567846	0.042970	1300.000000
526	-24.133251	0.052939	1150.000000
527	-21.704578	0.050733	1150.000000
528	-13.325451	0.157820	400.000000
529	-15.254260	0.131465	550.000000
530	-15.066964	0.141039	450.000000
531	-14.304463	0.146697	600.000000
532	-14.992200	0.137479	550.000000
533	-13.521664	0.162559	450.000000
534	-14.872998	0.138705	550.000000
535	-17.038866	0.106651	350.000000
536	-16.836519	0.116929	450.000000
537	-15.574550	0.130888	500.000000
538	-16.193727	0.128315	400.000000
539	-15.377831	0.133137	500.000000
540	-14.928050	0.145333	400.000000
541	-13.593517	0.160791	450.000000
542	-12.524101	0.175687	750.000000
543	-12.105866	0.186408	800.000000
544	-11.724743	0.195962	950.000000
545	-12.149577	0.187771	850.000000
546	-12.440721	0.181457	700.000000
547	-12.845628	0.176090	550.000000
548	-13.145489	0.167505	600.000000
549	-15.102316	0.128005	700.000000
550	-21.745586	0.067712	300.000000
551	-26.149046	0.038403	250.000000
552	-33.770691	0.015821	600.000000
553	-32.782375	0.021073	250.000000
554	-34.553185	0.015021	550.000000
555	-33.748379	0.016221	350.000000
556	-32.747169	0.018622	500.000000
557	-25.023285	0.036363	1050.000000
558	-25.371656	0.042823	1200.000000
559	-16.471361	0.105378	600.000000
560	-13.314556	0.163530	550.000000
561	-13.151068	0.172655	400.000000
562	-12.825678	0.174101	600.000000
563	-12.507563	0.178431	750.000000
564	-11.437303	0.208267	400.000000
565	-11.353245	0.214910	400.000000
566	-12.565268	0.186792	450.000000
567	-11.965789	0.196147	450.000000
568	-11.688908	0.196139	800.000000
569	-11.154701	0.219699	650.000000
570	-11.063977	0.214821	750.000000
571	-11.349530	0.215664	600.000000
572	-13.328880	0.165956	650.000000
573	-15.360339	0.131324	450.000000
574	-17.811394	0.103063	200.000000
575	-19.849415	0.082046	300.000000
576	-25.154278	0.043516	1500.000000
577	-28.825441	0.028682	4150.000000
578	-25.768270	0.041121	3350.000000
579	-26.140238	0.038067	3050.000000
580	-26.321112	0.040681	2400.000000
581	-25.863642	0.040869	2600.000000
582	-24.465559	0.050537	2450.000000
583	-25.593473	0.042423	2550.000000
584	-27.209600	0.034720	2450.000000
585	-21.985996	0.065112	1450.000000
586	-23.197346	0.056663	1700.000000
587	-22.194813	0.060010	2500.000000
588	-26.338768	0.037893	2200.000000
589	-13.888124	0.145161	450.000000
590	-10.481630	0.239126	550.000000
591	-10.031662	0.249600	500.000000
592	-10.412797	0.245217	500.000000
593	-10.201077	0.254412	500.000000
594	-11.558251	0.214884	500.000000
595	-14.271029	0.155422	450.000000
596	-21.307564	0.074930	300.000000
597	-20.809649	0.075106	400.000000
598	-22.307320	0.063371	450.000000
599	-22.017994	0.063135	350.000000
600	-19.595945	0.083483	450.000000
601	-16.846786	0.110680	400.000000
602	-13.681104	0.165873	450.000000
603	-12.677034	0.184610	450.000000
604	-10.994698	0.226888	550.000000
605	-10.459960	0.249231	500.000000
606	-11.269998	0.215918	450.000000
607	-12.133415	0.198614	600.000000
608	-11.266828	0.231481	500.000000
609	-11.608036	0.214115	600.000000
610	-11.399049	0.220831	400.000000
611	-16.621420	0.111799	450.000000
612	-23.984083	0.046451	600.000000
613	-25.790251	0.041616	700.000000
614	-28.401814	0.029113	500.000000
615	-26.567883	0.038445	650.000000
616	-28.431742	0.030926	650.000000
617	-29.863564	0.027073	600.000000
618	-26.042236	0.038224	700.000000
619	-27.442108	0.034633	400.000000
620	-24.528793	0.049117	300.000000
621	-25.924873	0.040096	500.000000
622	-21.682100	0.063783	400.000000
623	-8.964746	0.279425	550.000000
624	-8.105065	0.322662	650.000000
625	-8.438842	0.296955	800.000000
626	-7.824231	0.331152	600.000000
627	-7.495417	0.343760	750.000000
628	-7.787075	0.330590	900.000000
629	-7.695004	0.334542	850.000000
630	-8.478382	0.284515	750.000000
631	-8.043048	0.307460	900.000000
632	-8.514181	0.296168	700.000000
633	-9.515619	0.242132	950.000000
634	-8.562672	0.298239	750.000000
635	-10.241856	0.244267	750.000000
636	-13.647969	0.167316	650.000000
637	-21.366438	0.069201	300.000000
638	-25.677761	0.044676	250.000000
639	-30.865910	0.025479	450.000000
640	-34.385155	0.015259	650.000000
641	-31.015438	0.023044	400.000000
642	-29.789865	0.027129	350.000000
643	-33.740944	0.017241	350.000000
644	-31.013067	0.024211	400.000000
645	-29.996019	0.026255	500.000000
646	-31.003708	0.023902	300.000000
647	-30.431717	0.024685	400.000000
648	-28.534225	0.028387	550.000000
649	-28.815327	0.027505	600.000000
650	-26.861021	0.036315	650.000000
651	-27.382858	0.035366	550.000000
652	-23.845547	0.054333	600.000000
653	-27.357170	0.035454	650.000000
654	-23.417334	0.054803	750.000000
655	-21.965595	0.068882	600.000000
656	-24.147083	0.051799	700.000000
657	-27.330315	0.034641	850.000000
658	-29.623217	0.026465	450.000000
659	-25.936876	0.041167	550.000000
660	-29.511061	0.027922	500.000000
661	-28.287748	0.029599	700.000000
662	-25.658459	0.041648	600.000000
663	-28.275084	0.031885	700.000000
664	-26.746067	0.037086	350.000000
665	-26.769381	0.037355	450.000000
666	-26.345224	0.040788	400.000000
667	-29.518795	0.025024	650.000000
668	-26.353329	0.039115	550.000000
669	-23.280380	0.059079	250.000000
670	-26.017117	0.040277	650.000000
671	-23.609844	0.052197	400.000000
672	-23.384178	0.054044	350.000000
673	-27.081701	0.036213	700.000000
674	-25.864044	0.036554	700.000000
675	-27.872246	0.031031	750.000000
676	-25.978924	0.039380	600.000000
677	-26.262119	0.040848	400.000000
678	-23.359404	0.058310	250.000000
679	-18.431765	0.086844	800.000000
680	-13.126426	0.155635	600.000000
681	-12.472598	0.176497	700.000000
682	-14.045326	0.149010	900.000000
683	-15.715871	0.134868	400.000000
684	-16.073467	0.125618	300.000000
685	-19.360111	0.088185	300.000000
686	-22.750050	0.061175	350.000000
687	-26.582649	0.037375	550.000000
688	-28.983644	0.029302	1250.000000
689	-27.932890	0.034135	450.000000
690	-26.884867	0.036051	450.000000
691	-28.148851	0.032690	550.000000
692	-29.601789	0.025337	700.000000
693	-29.850254	0.026687	750.000000
694	-30.029848	0.025066	800.000000
695	-32.270256	0.018983	1700.000000
696	-28.961090	0.030375	900.000000
697	-24.170208	0.050563	650.000000
698	-27.005875	0.036945	450.000000
699	-11.837621	0.193146	400.000000
700	-10.540737	0.246257	450.000000
701	-10.875117	0.225190	450.000000
702	-11.512406	0.206770	400.000000
703	-11.876384	0.199388	450.000000
704	-12.220969	0.189521	400.000000
705	-14.703634	0.148962	400.000000
706	-15.533284	0.131159	450.000000
707	-14.644011	0.144456	350.000000
708	-15.974184	0.128462	400.000000
709	-16.107445	0.122702	350.000000
710	-16.011822	0.128140	300.000000
711	-15.835096	0.124588	450.000000
712	-16.010948	0.125614	400.000000
713	-16.361319	0.121456	450.000000
714	-16.737322	0.114046	400.000000
715	-16.279898	0.120019	450.000000
716	-11.080853	0.200328	450.000000
717	-12.010156	0.184740	600.000000
718	-12.539927	0.171728	650.000000
719	-12.664272	0.165552	600.000000
720	-13.447506	0.147803	950.000000
721	-15.854437	0.129357	450.000000
722	-15.949408	0.123770	500.000000
723	-15.290507	0.133814	550.000000
724	-15.643284	0.132298	550.000000
725	-16.565445	0.109631	700.000000
726	-13.674828	0.150007	750.000000
727	-11.040370	0.218389	700.000000
728	-10.589789	0.232922	700.000000
729	-10.701830	0.224943	650.000000
730	-9.665821	0.258945	700.000000
731	-9.619262	0.252375	650.000000
732	-11.653664	0.198030	650.000000
733	-15.533258	0.130223	400.000000
734	-19.605886	0.079118	400.000000
735	-23.649208	0.051106	400.000000
736	-26.167273	0.039695	400.000000
737	-25.768150	0.037403	500.000000
738	-22.490925	0.055433	400.000000
739	-19.174498	0.083299	300.000000
740	-16.858671	0.109492	500.000000
741	-14.829041	0.140405	400.000000
742	-12.839370	0.181989	500.000000
743	-11.951619	0.195495	600.000000
744	-11.044429	0.221665	550.000000
745	-10.259187	0.248504	550.000000
746	-14.173327	0.143877	700.000000
747	-23.562559	0.054642	500.000000
748	-25.762611	0.038757	700.000000
749	-20.357504	0.068740	600.000000
750	-12.881067	0.181250	600.000000
751	-11.202135	0.221558	700.000000
752	-11.531780	0.206062	650.000000
753	-12.015973	0.200293	650.000000
754	-13.270943	0.176199	750.000000
755	-12.278130	0.191687	600.000000
756	-14.491860	0.157231	350.000000
757	-20.962233	0.071188	300.000000
758	-26.375149	0.041838	150.000000
759	-27.417360	0.035428	350.000000
760	-30.568909	0.022534	350.000000
761	-32.184471	0.020085	450.000000
762	-30.875555	0.023812	300.000000
763	-29.754852	0.026050	550.000000
764	-29.009747	0.032297	300.000000
765	-32.137650	0.019221	600.000000
766	-23.181185	0.052730	450.000000
767	-19.242569	0.080218	500.000000
768	-10.473969	0.248123	550.000000
769	-10.274848	0.254537	550.000000
770	-10.502440	0.242729	600.000000
771	-10.805008	0.236671	450.000000
772	-10.891262	0.234285	450.000000
773	-11.536603	0.219546	450.000000
774	-10.678874	0.241208	550.000000
775	-11.291301	0.215010	500.000000
776	-19.227964	0.078828	500.000000
777	-20.876265	0.075670	250.000000
778	-20.483513	0.082076	200.000000
779	-21.519453	0.071345	250.000000
780	-17.745224	0.103574	500.000000
781	-14.441772	0.158676	350.000000
782	-15.044782	0.149042	400.000000
783	-13.389578	0.178109	350.000000
784	-12.272437	0.201567	350.000000
785	-13.446817	0.174414	550.000000
786	-14.054520	0.165558	350.000000
787	-14.899060	0.148604	450.000000
788	-13.502329	0.177317	350.000000
789	-15.970467	0.135582	350.000000
790	-15.454725	0.147106	350.000000
791	-13.177217	0.180967	450.000000
792	-12.910599	0.190757	500.000000
793	-12.876384	0.181928	650.000000
794	-11.436194	0.201990	550.000000
795	-11.658346	0.211171	500.000000
796	-13.361678	0.172953	300.000000
797	-15.309711	0.142741	550.000000
798	-13.444330	0.176040	250.000000
799	-15.378104	0.132788	450.000000
800	-13.895889	0.156254	500.000000
801	-14.135045	0.155749	300.000000
802	-14.271949	0.160498	200.000000
803	-17.627985	0.107183	550.000000
804	-16.009972	0.113889	300.000000
805	-17.111296	0.115920	300.000000
806	-23.764835	0.053958	400.000000
807	-23.247122	0.058355	300.000000
808	-19.708933	0.094732	250.000000
809	-21.347906	0.076847	200.000000
810	-23.347189	0.057927	300.000000
811	-23.475016	0.052299	700.000000
812	-21.514734	0.064537	700.000000
813	-20.311731	0.074362	400.000000
814	-19.185484	0.088724	600.000000
815	-19.804466	0.081493	900.000000
816	-20.154390	0.079495	800.000000
817	-20.405954	0.075563	550.000000
818	-20.204903	0.084381	300.000000
819	-21.485390	0.073954	400.000000
820	-22.659437	0.063783	300.000000
821	-22.192694	0.061841	900.000000
822	-22.100958	0.062857	550.000000
823	-21.326687	0.066838	1000.000000
824	-24.661959	0.043409	800.000000
825	-25.006676	0.046001	650.000000
826	-24.624641	0.046062	1100.000000
827	-26.516357	0.039801	900.000000
828	-26.300299	0.040510	800.000000
829	-23.988791	0.051066	750.000000
830	-24.539890	0.046478	600.000000
831	-24.339121	0.051709	550.000000
832	-21.942125	0.067835	600.000000
833	-21.332176	0.071711	550.000000
834	-21.645653	0.067394	550.000000
835	-20.752340	0.074196	450.000000
836	-23.195358	0.058513	400.000000
837	-23.005167	0.059308	450.000000
838	-23.776785	0.053568	400.000000
839	-23.657894	0.049746	600.000000
840	-23.304285	0.056840	400.000000
841	-19.947447	0.083283	400.000000
842	-22.847618	0.061932	300.000000
843	-22.339548	0.061165	550.000000
844	-20.409220	0.079807	350.000000
845	-22.867430	0.058753	650.000000
846	-22.670948	0.060361	400.000000
847	-22.481514	0.060956	300.000000
848	-22.656607	0.061102	500.000000
849	-25.518347	0.041657	650.000000
850	-22.577263	0.057433	250.000000
851	-23.820023	0.056884	200.000000
852	-23.644104	0.052602	350.000000
853	-24.168600	0.045089	500.000000
854	-23.841751	0.054608	250.000000
855	-23.298653	0.056026	500.000000
856	-28.009823	0.032281	600.000000
857	-23.629652	0.055491	400.000000
858	-25.741165	0.041252	600.000000
859	-26.651884	0.036542	700.000000
860	-25.057795	0.046551	700.000000
861	-25.162981	0.046486	550.000000
862	-25.184042	0.043274	450.000000
863	-24.605448	0.051049	650.000000
864	-25.340643	0.044019	700.000000
865	-25.605274	0.040549	700.000000
866	-25.725342	0.043486	750.000000
867	-26.141617	0.042314	700.000000
868	-25.039772	0.049198	500.000000
869	-26.850746	0.037760	600.000000
870	-25.422775	0.040949	900.000000
871	-25.772245	0.041751	650.000000
872	-25.587505	0.042901	500.000000
873	-24.589783	0.049542	200.000000
874	-24.910896	0.049036	200.000000
875	-24.429392	0.054191	200.000000
876	-25.581802	0.043431	500.000000
877	-25.107960	0.047817	200.000000
878	-23.109316	0.060857	200.000000
879	-23.853342	0.054106	300.000000
880	-22.532492	0.063450	250.000000
881	-22.622604	0.066159	200.000000
882	-23.463331	0.056527	250.000000
883	-22.855585	0.063687	150.000000
884	-23.353674	0.060614	200.000000
885	-25.925961	0.044078	200.000000
886	-25.367580	0.048246	150.000000
887	-26.779800	0.035777	500.000000
888	-26.972853	0.037145	200.000000
889	-27.427877	0.037358	200.000000
890	-26.132210	0.041763	200.000000
891	-25.222254	0.048211	200.000000
892	-23.898829	0.055385	200.000000
893	-23.621183	0.059936	150.000000
894	-25.115543	0.049957	200.000000
895	-25.571411	0.040810	400.000000
896	-24.995579	0.043471	450.000000
897	-26.569651	0.040227	300.000000
898	-27.979033	0.034518	300.000000
899	-28.174326	0.034168	300.000000
900	-27.582836	0.035994	200.000000
901	-27.194592	0.039534	200.000000
902	-25.043844	0.049751	150.000000
903	-25.914921	0.044466	200.000000
904	-24.984852	0.046955	300.000000
905	-26.143681	0.039581	600.000000
906	-26.968699	0.038540	350.000000
907	-26.544828	0.038268	750.000000
908	-27.367859	0.035174	550.000000
909	-29.701521	0.028683	550.000000
910	-30.313053	0.026628	600.000000
911	-27.203472	0.038067	550.000000
912	-30.254595	0.024202	700.000000
913	-27.369921	0.035954	350.000000
914	-25.998255	0.043507	300.000000
915	-28.020823	0.033174	400.000000
916	-28.248806	0.032365	300.000000
917	-30.399324	0.026429	400.000000
918	-30.102057	0.022591	700.000000
919	-34.162769	0.016259	750.000000
920	-29.916214	0.025661	700.000000
921	-31.460762	0.021141	700.000000
922	-33.534153	0.017193	600.000000
923	-33.202145	0.017245	800.000000
924	-37.121185	0.012189	700.000000
925	-34.800220	0.013488	700.000000
926	-30.825792	0.024134	600.000000
927	-27.244286	0.037692	300.000000
928	-24.201860	0.053610	250.000000
929	-27.083149	0.033889	550.000000
930	-24.979370	0.049604	300.000000
931	-24.438271	0.048834	550.000000
932	-26.310308	0.041214	300.000000
933	-26.325289	0.040113	650.000000
934	-23.333139	0.056973	300.000000
935	-25.245996	0.044886	700.000000
936	-26.638105	0.040151	350.000000
937	-25.952524	0.042692	300.000000
938	-25.262476	0.043306	350.000000
939	-26.259989	0.038588	400.000000
940	-28.085417	0.031697	300.000000
941	-27.247128	0.036575	250.000000
942	-26.500633	0.038161	550.000000
943	-29.634127	0.026706	550.000000
944	-29.824886	0.025812	400.000000
945	-29.974192	0.026115	700.000000
946	-32.764362	0.016140	1000.000000
947	-31.049854	0.023351	650.000000
948	-33.960270	0.016441	800.000000
949	-30.374836	0.026347	400.000000
950	-31.449011	0.021451	500.000000
951	-30.151745	0.023695	800.000000
952	-32.069256	0.020733	400.000000
953	-31.020420	0.022006	600.000000
954	-29.068529	0.029448	700.000000
955	-30.232712	0.022481	1350.000000
956	-32.357105	0.019888	950.000000
957	-29.598436	0.026447	850.000000
958	-30.794420	0.023163	800.000000
959	-29.963133	0.024428	1050.000000
960	-32.633438	0.018988	1150.000000
961	-33.654049	0.016806	1050.000000
962	-29.751602	0.027092	1000.000000
963	-31.533808	0.021774	800.000000
964	-32.561413	0.018313	950.000000
965	-32.053356	0.020322	900.000000
966	-31.716455	0.021861	800.000000
967	-27.733652	0.035460	200.000000
968	-31.377665	0.022310	600.000000
969	-33.052654	0.017865	700.000000
970	-32.072517	0.019312	650.000000
971	-30.502069	0.025267	250.000000
972	-33.702084	0.017359	450.000000
973	-30.728649	0.024067	150.000000
974	-32.471275	0.019407	450.000000
975	-30.137089	0.027364	200.000000
976	-31.204914	0.021965	800.000000
977	-29.274904	0.028144	600.000000
978	-12.741180	0.175282	300.000000
979	-24.440907	0.050619	300.000000
980	-13.222860	0.171908	300.000000
981	-11.727760	0.220676	350.000000
982	-11.203367	0.209869	350.000000
983	-15.678279	0.133263	350.000000
984	-16.307568	0.131083	200.000000
985	-19.377214	0.092627	250.000000
986	-21.445671	0.070741	250.000000
987	-19.756456	0.086355	250.000000
988	-16.745150	0.120463	250.000000
989	-13.824164	0.171472	300.000000
990	-12.516967	0.196536	450.000000
991	-10.221253	0.265323	350.000000
992	-12.808704	0.184770	950.000000
993	-16.098110	0.122292	750.000000
994	-11.498413	0.218193	650.000000
995	-9.683551	0.281254	500.000000
996	-14.233574	0.154917	700.000000
997	-10.666130	0.244265	700.000000
998	-12.138284	0.195633	450.000000
999	-11.960843	0.216311	400.000000
1000	-14.169448	0.162520	450.000000
1001	-15.574201	0.141988	200.000000
1002	-17.526318	0.117846	200.000000
1003	-14.952066	0.139707	250.000000
1004	-11.236922	0.233735	50.000000
1005	-15.376880	0.157265	0.000000
1006	-16.356438	0.137485	50.000000
1007	-27.620472	0.036766	100.000000
1008	-29.284760	0.029419	150.000000
1009	-24.004156	0.060243	0.000000
1010	-22.757038	0.069507	0.000000
1011	-28.824411	0.031429	100.000000
1012	-34.704052	0.016015	250.000000
1013	-35.620872	0.013929	250.000000
1014	-30.351902	0.024288	250.000000
1015	-26.094526	0.038321	250.000000
1016	-12.528533	0.192352	300.000000
1017	-6.637461	0.416111	300.000000
1018	-5.453370	0.485547	250.000000
1019	-5.944349	0.447276	300.000000
1020	-7.237649	0.379345	250.000000
1021	-9.280618	0.297951	300.000000
1022	-8.240888	0.339808	300.000000
1023	-7.596793	0.367303	300.000000
1024	-7.315215	0.388419	250.000000
1025	-7.012828	0.401290	300.000000
1026	-7.180362	0.388962	300.000000
1027	-6.537775	0.401975	450.000000
1028	-5.571286	0.475009	550.000000
1029	-5.948374	0.449890	550.000000
1030	-9.660378	0.286771	500.000000
1031	-10.459399	0.265092	500.000000
1032	-12.987968	0.192949	500.000000
1033	-11.295072	0.240735	500.000000
1034	-13.660046	0.176681	500.000000
1035	-13.382238	0.186559	500.000000
1036	-13.518997	0.179200	500.000000
1037	-14.653637	0.151568	650.000000
1038	-12.678651	0.194407	500.000000
1039	-11.147435	0.230404	550.000000
1040	-10.930579	0.227164	550.000000
1041	-11.685030	0.213574	500.000000
1042	-14.290338	0.163133	300.000000
1043	-15.279054	0.152290	300.000000
1044	-18.723383	0.099981	400.000000
1045	-22.507063	0.068101	250.000000
1046	-21.940542	0.069056	250.000000
1047	-24.561022	0.052302	250.000000
1048	-25.929216	0.044076	250.000000
1049	-28.636448	0.029708	600.000000
1050	-29.939745	0.025452	450.000000
1051	-28.487955	0.030053	450.000000
1052	-33.108677	0.017341	800.000000
1053	-29.359800	0.027699	1100.000000
1054	-30.129301	0.024080	1650.000000
1055	-29.961342	0.023434	2100.000000
1056	-29.478401	0.025643	900.000000
1057	-30.395458	0.024830	800.000000
1058	-30.065468	0.023826	750.000000
1059	-32.105373	0.019975	1450.000000
1060	-32.439098	0.019693	1400.000000
1061	-31.052938	0.022431	1200.000000
1062	-29.985914	0.026386	650.000000
1063	-28.697865	0.030946	750.000000
1064	-29.855860	0.025850	3900.000000
1065	-28.940502	0.028183	4100.000000
1066	-24.501648	0.044919	4350.000000
1067	-20.538815	0.077400	4850.000000
1068	-26.231428	0.037199	3300.000000
1069	-22.737244	0.058741	350.000000
1070	-14.719501	0.143849	400.000000
1071	-7.466861	0.360602	600.000000
1072	-12.268159	0.196497	600.000000
1073	-11.683339	0.200181	950.000000
1074	-10.841078	0.219330	1050.000000
1075	-10.950010	0.227235	900.000000
1076	-11.567141	0.211709	850.000000
1077	-11.549433	0.212305	700.000000
1078	-12.050632	0.200751	700.000000
1079	-11.981105	0.198808	600.000000
1080	-10.982402	0.227925	600.000000
1081	-11.483285	0.206787	600.000000
1082	-11.869494	0.193244	750.000000
1083	-12.493047	0.194120	500.000000
1084	-13.547607	0.177089	300.000000
1085	-15.100734	0.154972	250.000000
1086	-18.304447	0.105931	300.000000
1087	-17.398947	0.121089	250.000000
1088	-16.840672	0.120508	250.000000
1089	-15.054147	0.150986	250.000000
1090	-10.886327	0.228528	300.000000
1091	-10.355461	0.225311	600.000000
1092	-9.470853	0.258015	700.000000
1093	-7.793910	0.321649	600.000000
1094	-6.379730	0.396811	550.000000
1095	-6.488030	0.377917	700.000000
1096	-5.933689	0.413464	600.000000
1097	-5.629122	0.433437	600.000000
1098	-5.907459	0.418967	500.000000
1099	-6.628094	0.408607	300.000000
1100	-10.038848	0.276185	600.000000
1101	-9.602283	0.287549	350.000000
1102	-7.943985	0.322625	400.000000
1103	-5.375269	0.501799	100.000000
1104	-12.284639	0.204144	400.000000
1105	-11.495399	0.223258	250.000000
1106	-11.032539	0.246897	250.000000
1107	-13.707163	0.189208	250.000000
1108	-14.607704	0.166009	300.000000
1109	-16.214575	0.135164	350.000000
1110	-17.133045	0.123648	250.000000
1111	-15.513316	0.148234	300.000000
1112	-16.318569	0.137339	250.000000
1113	-12.328999	0.207853	250.000000
1114	-9.087833	0.287408	450.000000
1115	-8.066315	0.318319	300.000000
1116	-7.756326	0.342794	650.000000
1117	-7.533829	0.361044	600.000000
1118	-7.326929	0.380101	650.000000
1119	-6.676898	0.413582	600.000000
1120	-6.448193	0.423254	600.000000
1121	-6.807126	0.409496	550.000000
1122	-8.268527	0.332360	550.000000
1123	-8.774946	0.312046	550.000000
1124	-8.943451	0.305436	550.000000
1125	-9.713785	0.273602	550.000000
1126	-10.042988	0.262704	550.000000
1127	-9.769114	0.260239	550.000000
1128	-9.060740	0.282351	550.000000
1129	-8.722458	0.297831	600.000000
1130	-8.707891	0.297883	600.000000
1131	-8.288102	0.314905	600.000000
1132	-7.807103	0.345951	600.000000
1133	-7.231979	0.376213	650.000000
1134	-6.978621	0.387380	600.000000
1135	-6.794144	0.393513	800.000000
1136	-6.299982	0.429457	600.000000
1137	-6.497492	0.399732	600.000000
1138	-7.303891	0.355015	600.000000
1139	-8.890266	0.316247	350.000000
1140	-9.752581	0.274105	300.000000
1141	-6.249720	0.421382	400.000000
1142	-9.502851	0.250480	350.000000
1143	-6.934877	0.372892	250.000000
1144	-5.544458	0.485453	350.000000
1145	-6.704097	0.414492	500.000000
1146	-6.413672	0.427859	350.000000
1147	-5.365898	0.494479	300.000000
1148	-5.755733	0.460479	300.000000
1149	-5.871846	0.454339	500.000000
1150	-6.942886	0.388625	500.000000
1151	-6.391682	0.423861	350.000000
1152	-7.628015	0.375446	400.000000
1153	-4.913367	0.510189	400.000000
1154	-5.966456	0.459508	550.000000
1155	-4.861647	0.520270	600.000000
1156	-6.630884	0.402139	750.000000
1157	-6.641669	0.389053	650.000000
1158	-7.627479	0.334655	850.000000
1159	-7.034024	0.350390	750.000000
1160	-8.670152	0.304685	600.000000
1161	-9.539667	0.265823	700.000000
1162	-9.950275	0.260965	600.000000
1163	-7.344921	0.358323	650.000000
1164	-8.171205	0.322010	650.000000
1165	-10.067283	0.258287	900.000000
1166	-8.019725	0.307638	850.000000
1167	-12.063825	0.212041	1000.000000
1168	-14.301865	0.172801	700.000000
1169	-13.461925	0.195805	150.000000
1170	-12.461040	0.202365	150.000000
1171	-14.365911	0.160241	450.000000
1172	-12.932374	0.188661	350.000000
1173	-14.991104	0.136497	700.000000
1174	-15.132614	0.142884	650.000000
1175	-14.976479	0.157515	300.000000
1176	-15.211423	0.150689	550.000000
1177	-15.311022	0.146692	650.000000
1178	-14.984274	0.156637	400.000000
1179	-10.067860	0.273369	350.000000
1180	-7.036146	0.422339	350.000000
1181	-5.508338	0.516599	350.000000
1182	-5.601227	0.513203	450.000000
1183	-6.070589	0.469286	350.000000
1184	-6.501173	0.442028	500.000000
1185	-6.674543	0.432080	400.000000
1186	-8.077974	0.359577	300.000000
1187	-9.005173	0.327328	300.000000
1188	-15.362179	0.142758	350.000000
1189	-20.178455	0.075655	650.000000
1190	-21.755411	0.067621	700.000000
1191	-24.036955	0.050691	1000.000000
1192	-18.741114	0.098232	250.000000
1193	-8.805313	0.312609	250.000000
1194	-5.569080	0.497343	400.000000
1195	-4.947211	0.550690	400.000000
1196	-5.290098	0.527921	400.000000
1197	-5.964662	0.473697	450.000000
1198	-7.445297	0.380456	500.000000
1199	-7.559601	0.372662	550.000000
1200	-6.869433	0.394170	600.000000
1201	-6.108689	0.449421	900.000000
1202	-6.086321	0.449005	450.000000
1203	-7.081549	0.399898	400.000000
1204	-11.133164	0.235000	550.000000
1205	-23.881687	0.053823	800.000000
1206	-25.224405	0.045710	650.000000
1207	-22.417912	0.062380	550.000000
1208	-23.345484	0.055320	550.000000
1209	-25.062475	0.046393	500.000000
1210	-23.291210	0.056404	400.000000
1211	-23.610319	0.051849	550.000000
1212	-18.518284	0.104326	400.000000
1213	-17.180403	0.125025	450.000000
1214	-18.556108	0.103962	450.000000
1215	-19.462692	0.091955	450.000000
1216	-18.418602	0.098818	400.000000
1217	-12.341357	0.207955	500.000000
1218	-8.109605	0.351841	500.000000
1219	-8.080418	0.349754	500.000000
1220	-10.855650	0.244019	500.000000
1221	-11.674207	0.221603	500.000000
1222	-11.770024	0.221796	550.000000
1223	-20.059879	0.080973	500.000000
1224	-17.076811	0.123699	450.000000
1225	-18.641247	0.104008	400.000000
1226	-22.257229	0.066269	400.000000
1227	-22.813053	0.059161	450.000000
1228	-21.865507	0.065645	300.000000
1229	-27.568584	0.031565	550.000000
1230	-30.901764	0.023840	650.000000
1231	-24.065420	0.050657	500.000000
1232	-22.800055	0.060983	500.000000
1233	-23.079462	0.057857	400.000000
1234	-23.396219	0.053282	600.000000
1235	-19.377131	0.094267	400.000000
1236	-20.794094	0.075959	400.000000
1237	-23.756613	0.053912	400.000000
1238	-22.592184	0.058142	400.000000
1239	-22.127678	0.057065	500.000000
1240	-26.896643	0.036191	500.000000
1241	-22.795630	0.059904	400.000000
1242	-22.946495	0.056646	650.000000
1243	-24.756254	0.049212	500.000000
1244	-24.419146	0.049268	450.000000
1245	-25.321152	0.043935	600.000000
1246	-23.926996	0.051264	800.000000
1247	-25.251448	0.044823	900.000000
1248	-25.105072	0.045100	1000.000000
1249	-27.002567	0.036422	800.000000
1250	-26.348942	0.040499	500.000000
1251	-27.489803	0.036092	550.000000
1252	-30.051687	0.024065	1150.000000
1253	-26.139191	0.042069	500.000000
1254	-26.863564	0.037510	600.000000
1255	-28.872787	0.029978	550.000000
1256	-28.900692	0.030398	650.000000
1257	-29.534979	0.026632	1000.000000
1258	-27.765167	0.034578	500.000000
1259	-29.799109	0.027318	500.000000
1260	-32.054623	0.020703	650.000000
1261	-31.511112	0.022324	550.000000
1262	-20.128220	0.083834	250.000000
1263	-27.758902	0.033049	550.000000
1264	-20.624649	0.087966	0.000000
1265	-25.999294	0.040226	500.000000
1266	-26.998962	0.034459	450.000000
1267	-24.366186	0.048748	850.000000
1268	-26.038778	0.040972	1350.000000
1269	-24.822165	0.046263	1100.000000
1270	-23.120321	0.054773	750.000000
1271	-23.521252	0.056481	550.000000
1272	-20.430117	0.078053	300.000000
1273	-23.468018	0.056411	400.000000
1274	-25.842718	0.043367	450.000000
1275	-28.102222	0.030270	700.000000
1276	-26.852377	0.039165	350.000000
1277	-25.690683	0.042122	550.000000
1278	-24.196829	0.048395	500.000000
1279	-21.964893	0.067205	600.000000
1280	-21.996597	0.063142	850.000000
1281	-21.718971	0.069275	550.000000
1282	-23.282537	0.056227	1000.000000
1283	-20.607828	0.075856	950.000000
1284	-24.644573	0.046008	1400.000000
1285	-22.681589	0.062435	550.000000
1286	-24.533108	0.050417	600.000000
1287	-24.776531	0.048304	600.000000
1288	-25.708132	0.041382	1000.000000
1289	-23.626263	0.049297	550.000000
1290	-25.024155	0.046938	500.000000
1291	-26.976822	0.034508	1100.000000
1292	-26.549450	0.034722	1000.000000
1293	-27.207493	0.037677	450.000000
1294	-27.759781	0.032769	650.000000
1295	-32.292599	0.020269	650.000000
1296	-29.332438	0.029028	400.000000
1297	-29.817230	0.027384	250.000000
1298	-32.725220	0.018450	900.000000
1299	-31.223473	0.023240	350.000000
1300	-34.221409	0.015686	700.000000
1301	-32.857250	0.018939	950.000000
1302	-31.174406	0.022020	750.000000
1303	-32.354893	0.020018	800.000000
1304	-35.342724	0.013919	1400.000000
1305	-34.793163	0.013722	1700.000000
1306	-34.683540	0.013888	1300.000000
1307	-35.742439	0.013544	1200.000000
1308	-31.462687	0.021179	650.000000
1309	-24.921556	0.048265	300.000000
1310	-21.259125	0.075879	250.000000
1311	-20.113470	0.086401	250.000000
1312	-22.345789	0.066698	250.000000
1313	-19.878130	0.089280	250.000000
1314	-16.399530	0.133639	300.000000
1315	-18.169697	0.104849	400.000000
1316	-25.049807	0.046386	400.000000
1317	-18.552660	0.098206	550.000000
1318	-17.943111	0.106315	400.000000
1319	-19.923939	0.085388	350.000000
1320	-25.017914	0.045816	400.000000
1321	-25.932350	0.039387	650.000000
1322	-27.766096	0.034537	200.000000
1323	-30.704882	0.023187	350.000000
1324	-26.734365	0.037283	350.000000
1325	-32.917347	0.019312	450.000000
1326	-29.294809	0.027852	700.000000
1327	-30.156132	0.025879	450.000000
1328	-24.799191	0.047589	600.000000
1329	-27.256466	0.035603	1000.000000
1330	-29.338879	0.029366	550.000000
1331	-28.539999	0.031544	250.000000
1332	-30.325560	0.023672	700.000000
1333	-24.391785	0.048317	550.000000
1334	-18.113781	0.099303	450.000000
1335	-15.966849	0.122574	500.000000
1336	-15.523351	0.130181	550.000000
1337	-15.450317	0.129696	550.000000
1338	-18.436893	0.101586	500.000000
1339	-21.620899	0.068808	400.000000
1340	-22.846186	0.061516	500.000000
1341	-24.583332	0.050430	500.000000
1342	-30.767521	0.024026	1050.000000
1343	-29.352468	0.027562	850.000000
1344	-25.446846	0.044895	350.000000
1345	-22.504904	0.063665	500.000000
1346	-20.707546	0.076648	450.000000
1347	-19.519005	0.086329	400.000000
1348	-19.940699	0.091045	400.000000
1349	-20.004305	0.086741	300.000000
1350	-17.034512	0.121568	300.000000
1351	-13.465917	0.166779	500.000000
1352	-12.833207	0.191852	350.000000
1353	-18.691843	0.096794	600.000000
1354	-19.791836	0.089618	250.000000
1355	-23.343025	0.055821	450.000000
1356	-24.902117	0.044525	850.000000
1357	-28.291714	0.031383	1250.000000
1358	-26.460346	0.039584	1100.000000
1359	-28.892738	0.030128	1100.000000
1360	-27.598597	0.033955	750.000000
1361	-24.927315	0.046269	450.000000
1362	-26.215162	0.041661	650.000000
1363	-24.113337	0.050739	450.000000
1364	-22.603683	0.060432	450.000000
1365	-19.274294	0.095999	250.000000
1366	-21.514299	0.067697	550.000000
1367	-17.996586	0.096993	600.000000
1368	-17.153122	0.109802	650.000000
1369	-15.561828	0.139093	450.000000
1370	-18.113716	0.108665	500.000000
1371	-20.117826	0.080233	900.000000
1372	-19.464169	0.085850	650.000000
1373	-21.027088	0.075121	450.000000
1374	-18.496817	0.102963	450.000000
1375	-22.541094	0.063676	400.000000
1376	-20.334993	0.084254	350.000000
1377	-20.438362	0.079208	350.000000
1378	-23.584736	0.054621	450.000000
1379	-19.935226	0.079074	350.000000
1380	-17.094341	0.119036	500.000000
1381	-18.905386	0.093868	500.000000
1382	-21.908390	0.066008	750.000000
1383	-18.671593	0.093833	450.000000
1384	-17.185198	0.117243	500.000000
1385	-16.366095	0.129024	650.000000
1386	-15.189058	0.144128	500.000000
1387	-13.876464	0.167737	450.000000
1388	-15.904714	0.133534	650.000000
1389	-16.448872	0.130470	500.000000
1390	-16.694454	0.119681	750.000000
1391	-18.099682	0.101932	800.000000
1392	-19.705246	0.085826	750.000000
1393	-21.081259	0.073902	800.000000
1394	-16.288042	0.128453	450.000000
1395	-16.392490	0.121749	600.000000
1396	-17.169836	0.118726	400.000000
1397	-19.337601	0.091224	600.000000
1398	-15.676426	0.144601	400.000000
1399	-18.914747	0.092476	550.000000
1400	-20.926147	0.071324	750.000000
1401	-23.589508	0.051845	600.000000
1402	-20.053125	0.081751	450.000000
1403	-22.087822	0.061024	800.000000
1404	-25.937172	0.040155	750.000000
1405	-22.047850	0.062090	400.000000
1406	-22.346252	0.066921	550.000000
1407	-21.501064	0.070540	400.000000
1408	-19.754421	0.087755	400.000000
1409	-22.175699	0.059107	850.000000
1410	-21.762205	0.066296	500.000000
1411	-21.849222	0.064175	400.000000
1412	-22.393406	0.057187	700.000000
1413	-23.282156	0.055441	450.000000
1414	-22.426226	0.061092	350.000000
1415	-26.198029	0.040955	400.000000
1416	-26.710062	0.037579	500.000000
1417	-26.649637	0.038764	550.000000
1418	-26.693869	0.036197	600.000000
1419	-24.412310	0.050207	500.000000
1420	-22.116545	0.061096	600.000000
1421	-23.117329	0.057103	550.000000
1422	-24.047068	0.051750	450.000000
1423	-22.825104	0.054520	600.000000
1424	-22.499949	0.052925	550.000000
1425	-22.384748	0.066138	300.000000
1426	-22.048616	0.065374	250.000000
1427	-24.561855	0.048185	500.000000
1428	-28.547249	0.031006	300.000000
1429	-30.218035	0.025494	600.000000
1430	-22.426771	0.056717	400.000000
1431	-25.359346	0.042254	550.000000
1432	-24.365635	0.048782	650.000000
1433	-20.727966	0.078449	200.000000
1434	-20.880489	0.069431	700.000000
1435	-20.877333	0.074983	450.000000
1436	-21.991274	0.065296	500.000000
1437	-17.948568	0.107534	550.000000
1438	-13.799509	0.171325	550.000000
1439	-19.298048	0.081106	900.000000
1440	-19.315968	0.091339	500.000000
1441	-13.223201	0.178659	550.000000
1442	-12.906947	0.195835	350.000000
1443	-13.573741	0.180907	400.000000
1444	-16.094311	0.122594	600.000000
1445	-17.464760	0.111563	500.000000
1446	-17.201832	0.107818	600.000000
1447	-16.781485	0.117168	600.000000
